Vertex Count: 420

Data:

-4.04234 -45.4023 -3.48058 0.620971 0.97462 -2.42654 -0.077551 -0
-4.04234 -45.4023 -0.64352 0.743316 0.97462 -2.4212 -0.155103 -0
-4.04234 -0.06921 -0.64352 0.743316 0.4078 -1.62126 0 -0
-4.04234 -0.06921 -3.48058 0.620972 0.4078 -0.810628 0 -0
-4.04234 -45.4023 -3.48058 0.620971 0.97462 -2.42654 -0.077551 -0
-4.04234 -0.06921 -0.64352 0.743316 0.4078 -1.62126 0 -0
-3.97805 -45.8674 -3.48058 0.620349 0.980435 -2.37382 -0.383047 -0
-3.97805 -45.8674 -0.64352 0.743938 0.980435 -2.33177 -0.533441 -0
-4.04234 -45.4023 -0.64352 0.743316 0.97462 -2.4212 -0.155103 -0
-4.04234 -45.4023 -3.48058 0.620971 0.97462 -2.42654 -0.077551 -0
-3.97805 -45.8674 -3.48058 0.620349 0.980435 -2.37382 -0.383047 -0
-4.04234 -45.4023 -0.64352 0.743316 0.97462 -2.4212 -0.155103 -0
-3.79495 -46.2945 -3.48058 0.61852 0.985776 -2.21045 -0.819053 -0
-3.79495 -46.2945 -0.64352 0.745767 0.985776 -2.13118 -0.954273 -0
-3.97805 -45.8674 -0.64352 0.743938 0.980435 -2.33177 -0.533441 -0
-3.97805 -45.8674 -3.48058 0.620349 0.980435 -2.37382 -0.383047 -0
-3.79495 -46.2945 -3.48058 0.61852 0.985776 -2.21045 -0.819053 -0
-3.97805 -45.8674 -0.64352 0.743938 0.980435 -2.33177 -0.533441 -0
-3.5077 -46.6714 -3.48058 0.615481 0.990489 -1.94114 -1.20477 -0
-3.5077 -46.6714 -0.64352 0.748806 0.990489 -1.83037 -1.32004 -0
-3.79495 -46.2945 -0.64352 0.745767 0.985776 -2.13118 -0.954273 -0
-3.79495 -46.2945 -3.48058 0.61852 0.985776 -2.21045 -0.819053 -0
-3.5077 -46.6714 -3.48058 0.615481 0.990489 -1.94114 -1.20477 -0
-3.79495 -46.2945 -0.64352 0.745767 0.985776 -2.13118 -0.954273 -0
-3.13097 -46.9859 -3.48058 0.611158 0.99442 -1.58149 -1.52777 -0
-3.13097 -46.9859 -0.64352 0.753129 0.99442 -1.44337 -1.62023 -0
-3.5077 -46.6714 -0.64352 0.748806 0.990489 -1.83037 -1.32004 -0
-3.5077 -46.6714 -3.48058 0.615481 0.990489 -1.94114 -1.20477 -0
-3.13097 -46.9859 -3.48058 0.611158 0.99442 -1.58149 -1.52777 -0
-3.5077 -46.6714 -0.64352 0.748806 0.990489 -1.83037 -1.32004 -0
-2.67941 -47.2256 -3.48058 0.605439 0.997418 -1.14328 -1.77885 -0
-2.67941 -47.2256 -0.64352 0.758848 0.997418 -0.981296 -1.84501 -0
-3.13097 -46.9859 -0.64352 0.753129 0.99442 -1.44337 -1.62023 -0
-3.13097 -46.9859 -3.48058 0.611158 0.99442 -1.58149 -1.52777 -0
-2.67941 -47.2256 -3.48058 0.605439 0.997418 -1.14328 -1.77885 -0
-3.13097 -46.9859 -0.64352 0.753129 0.99442 -1.44337 -1.62023 -0
-2.16768 -47.3785 -3.48058 0.598212 0.999329 -0.639119 -1.94627 -0
-2.16768 -47.3785 -0.64352 0.766076 0.999329 -0.458922 -1.98137 -0
-2.67941 -47.2256 -0.64352 0.758848 0.997418 -0.981296 -1.84501 -0
-2.67941 -47.2256 -3.48058 0.605439 0.997418 -1.14328 -1.77885 -0
-2.16768 -47.3785 -3.48058 0.598212 0.999329 -0.639119 -1.94627 -0
-2.67941 -47.2256 -0.64352 0.758848 0.997418 -0.981296 -1.84501 -0
-1.61046 -47.4321 -3.48058 0.589436 1 -0.185817 -2.02092 -0
-1.61046 -47.4321 -0.64352 0.774851 1 -0.092908 -2.02538 -0
-2.16768 -47.3785 -0.64352 0.766076 0.999329 -0.458922 -1.98137 -0
-2.16768 -47.3785 -3.48058 0.598212 0.999329 -0.639119 -1.94627 -0
-1.61046 -47.4321 -3.48058 0.589436 1 -0.185817 -2.02092 -0
-2.16768 -47.3785 -0.64352 0.766076 0.999329 -0.458922 -1.98137 -0
1.63206 -47.4321 -3.48058 0.727649 0.492818 0.092908 -2.02538 -0
1.63206 -47.4321 -0.64352 0.641975 0.492818 0.185817 -2.02092 -0
-1.61046 -47.4321 -0.64352 0.641975 0.458548 -0.092908 -2.02538 -0
-1.61046 -47.4321 -3.48058 0.727649 0.458548 -0.185817 -2.02092 -0
1.63206 -47.4321 -3.48058 0.727649 0.492818 0.092908 -2.02538 -0
-1.61046 -47.4321 -0.64352 0.641975 0.458548 -0.092908 -2.02538 -0
2.18929 -47.3785 -3.48058 1.01076 0.999329 0.45891 -1.98137 -0
2.18929 -47.3785 -0.64352 0.8429 0.999329 0.639095 -1.94628 -0
1.63206 -47.4321 -0.64352 0.834124 1 0.185817 -2.02092 -0
1.63206 -47.4321 -3.48058 1.01954 1 0.092908 -2.02538 -0
2.18929 -47.3785 -3.48058 1.01076 0.999329 0.45891 -1.98137 -0
1.63206 -47.4321 -0.64352 0.834124 1 0.185817 -2.02092 -0
2.70101 -47.2256 -3.48058 1.00354 0.997418 0.981282 -1.84501 -0
2.70101 -47.2256 -0.64352 0.850127 0.997418 1.14328 -1.77884 -0
2.18929 -47.3785 -0.64352 0.8429 0.999329 0.639095 -1.94628 -0
2.18929 -47.3785 -3.48058 1.01076 0.999329 0.45891 -1.98137 -0
2.70101 -47.2256 -3.48058 1.00354 0.997418 0.981282 -1.84501 -0
2.18929 -47.3785 -0.64352 0.8429 0.999329 0.639095 -1.94628 -0
3.15257 -46.9859 -3.48058 0.997818 0.99442 1.44339 -1.62022 -0
3.15257 -46.9859 -0.64352 0.855846 0.99442 1.5815 -1.52777 -0
2.70101 -47.2256 -0.64352 0.850127 0.997418 1.14328 -1.77884 -0
2.70101 -47.2256 -3.48058 1.00354 0.997418 0.981282 -1.84501 -0
3.15257 -46.9859 -3.48058 0.997818 0.99442 1.44339 -1.62022 -0
2.70101 -47.2256 -0.64352 0.850127 0.997418 1.14328 -1.77884 -0
3.5293 -46.6714 -3.48058 0.993495 0.990489 1.83037 -1.32003 -0
3.5293 -46.6714 -0.64352 0.86017 0.990489 1.94114 -1.20475 -0
3.15257 -46.9859 -0.64352 0.855846 0.99442 1.5815 -1.52777 -0
3.15257 -46.9859 -3.48058 0.997818 0.99442 1.44339 -1.62022 -0
3.5293 -46.6714 -3.48058 0.993495 0.990489 1.83037 -1.32003 -0
3.15257 -46.9859 -0.64352 0.855846 0.99442 1.5815 -1.52777 -0
3.81655 -46.2945 -3.48058 0.990455 0.985776 2.13118 -0.954265 -0
3.81655 -46.2945 -0.64352 0.863209 0.985776 2.21045 -0.819056 -0
3.5293 -46.6714 -0.64352 0.86017 0.990489 1.94114 -1.20475 -0
3.5293 -46.6714 -3.48058 0.993495 0.990489 1.83037 -1.32003 -0
3.81655 -46.2945 -3.48058 0.990455 0.985776 2.13118 -0.954265 -0
3.5293 -46.6714 -0.64352 0.86017 0.990489 1.94114 -1.20475 -0
3.99965 -45.8674 -3.48058 0.988627 0.980435 2.33177 -0.533449 -0
3.99965 -45.8674 -0.64352 0.865037 0.980435 2.37381 -0.383051 -0
3.81655 -46.2945 -0.64352 0.863209 0.985776 2.21045 -0.819056 -0
3.81655 -46.2945 -3.48058 0.990455 0.985776 2.13118 -0.954265 -0
3.99965 -45.8674 -3.48058 0.988627 0.980435 2.33177 -0.533449 -0
3.81655 -46.2945 -0.64352 0.863209 0.985776 2.21045 -0.819056 -0
4.06394 -45.4023 -3.48058 0.988004 0.97462 2.4212 -0.155103 -0
4.06394 -45.4023 -0.64352 0.86566 0.97462 2.42654 -0.077551 -0
3.99965 -45.8674 -0.64352 0.865037 0.980435 2.37381 -0.383051 -0
3.99965 -45.8674 -3.48058 0.988627 0.980435 2.33177 -0.533449 -0
4.06394 -45.4023 -3.48058 0.988004 0.97462 2.4212 -0.155103 -0
3.99965 -45.8674 -0.64352 0.865037 0.980435 2.37381 -0.383051 -0
4.06394 -0.06921 -3.48058 0.988004 0.4078 1.62126 0 -0
4.06394 -0.06921 -0.64352 0.86566 0.4078 0.810628 0 -0
4.06394 -45.4023 -0.64352 0.86566 0.97462 2.42654 -0.077551 -0
4.06394 -45.4023 -3.48058 0.988004 0.97462 2.4212 -0.155103 -0
4.06394 -0.06921 -3.48058 0.988004 0.4078 1.62126 0 -0
4.06394 -45.4023 -0.64352 0.86566 0.97462 2.42654 -0.077551 -0
-4.04234 -0.06921 -3.48058 0.727649 0.432846 -0.810628 0 -0
-4.04234 -0.06921 -0.64352 0.641975 0.432846 -1.62126 0 -0
4.06394 -0.06921 -0.64352 0.641975 0.51852 0.810628 0 -0
4.06394 -0.06921 -3.48058 0.727649 0.51852 1.62126 0 -0
-4.04234 -0.06921 -3.48058 0.727649 0.432846 -0.810628 0 -0
4.06394 -0.06921 -0.64352 0.641975 0.51852 0.810628 0 -0
4.06394 -0.06921 -0.64352 0.114392 0.397761 0.810628 0 -0
-4.04234 -0.06921 -0.64352 0.000241 0.397761 -1.62126 0 -0
4.06394 -45.4023 -0.64352 0.114392 0.97419 2.42654 -0.077551 -0
-4.04234 -0.06921 -0.64352 0.000241 0.397761 -1.62126 0 -0
-4.04234 -45.4023 -0.64352 0.000241 0.97419 -2.4212 -0.155103 -0
4.06394 -45.4023 -0.64352 0.114392 0.97419 2.42654 -0.077551 -0
4.06394 -45.4023 -0.64352 0.114392 0.97419 2.42654 -0.077551 -0
-4.04234 -45.4023 -0.64352 0.000241 0.97419 -2.4212 -0.155103 -0
3.99965 -45.8674 -0.64352 0.113487 0.980104 2.37381 -0.383051 -0
3.99965 -45.8674 -0.64352 0.113487 0.980104 2.37381 -0.383051 -0
-4.04234 -45.4023 -0.64352 0.000241 0.97419 -2.4212 -0.155103 -0
3.81655 -46.2945 -0.64352 0.110908 0.985535 2.21045 -0.819056 -0
3.81655 -46.2945 -0.64352 0.110908 0.985535 2.21045 -0.819056 -0
-4.04234 -45.4023 -0.64352 0.000241 0.97419 -2.4212 -0.155103 -0
3.5293 -46.6714 -0.64352 0.106863 0.990327 1.94114 -1.20475 -0
3.5293 -46.6714 -0.64352 0.106863 0.990327 1.94114 -1.20475 -0
-4.04234 -45.4023 -0.64352 0.000241 0.97419 -2.4212 -0.155103 -0
3.15257 -46.9859 -0.64352 0.101558 0.994326 1.5815 -1.52777 -0
3.15257 -46.9859 -0.64352 0.101558 0.994326 1.5815 -1.52777 -0
-4.04234 -45.4023 -0.64352 0.000241 0.97419 -2.4212 -0.155103 -0
2.70101 -47.2256 -0.64352 0.095199 0.997374 1.14328 -1.77884 -0
2.70101 -47.2256 -0.64352 0.095199 0.997374 1.14328 -1.77884 -0
-4.04234 -45.4023 -0.64352 0.000241 0.97419 -2.4212 -0.155103 -0
2.18929 -47.3785 -0.64352 0.087993 0.999318 0.639095 -1.94628 -0
2.18929 -47.3785 -0.64352 0.087993 0.999318 0.639095 -1.94628 -0
-4.04234 -45.4023 -0.64352 0.000241 0.97419 -2.4212 -0.155103 -0
1.63206 -47.4321 -0.64352 0.080146 1 0.185817 -2.02092 -0
1.63206 -47.4321 -0.64352 0.080146 1 0.185817 -2.02092 -0
-4.04234 -45.4023 -0.64352 0.000241 0.97419 -2.4212 -0.155103 -0
-1.61046 -47.4321 -0.64352 0.034486 1 -0.092908 -2.02538 -0
-4.04234 -45.4023 -0.64352 0.000241 0.97419 -2.4212 -0.155103 -0
-3.97805 -45.8674 -0.64352 0.001146 0.980104 -2.33177 -0.533441 -0
-1.61046 -47.4321 -0.64352 0.034486 1 -0.092908 -2.02538 -0
-1.61046 -47.4321 -0.64352 0.034486 1 -0.092908 -2.02538 -0
-3.97805 -45.8674 -0.64352 0.001146 0.980104 -2.33177 -0.533441 -0
-2.16768 -47.3785 -0.64352 0.026639 0.999318 -0.458922 -1.98137 -0
-2.16768 -47.3785 -0.64352 0.026639 0.999318 -0.458922 -1.98137 -0
-3.97805 -45.8674 -0.64352 0.001146 0.980104 -2.33177 -0.533441 -0
-2.67941 -47.2256 -0.64352 0.019433 0.997374 -0.981296 -1.84501 -0
-3.97805 -45.8674 -0.64352 0.001146 0.980104 -2.33177 -0.533441 -0
-3.79495 -46.2945 -0.64352 0.003724 0.985535 -2.13118 -0.954273 -0
-2.67941 -47.2256 -0.64352 0.019433 0.997374 -0.981296 -1.84501 -0
-3.79495 -46.2945 -0.64352 0.003724 0.985535 -2.13118 -0.954273 -0
-3.5077 -46.6714 -0.64352 0.007769 0.990327 -1.83037 -1.32004 -0
-2.67941 -47.2256 -0.64352 0.019433 0.997374 -0.981296 -1.84501 -0
-2.67941 -47.2256 -0.64352 0.019433 0.997374 -0.981296 -1.84501 -0
-3.5077 -46.6714 -0.64352 0.007769 0.990327 -1.83037 -1.32004 -0
-3.13097 -46.9859 -0.64352 0.013074 0.994326 -1.44337 -1.62023 -0
-4.04234 -0.06921 -3.48058 0.000241 0.397761 -0.810628 0 -0
4.06394 -0.06921 -3.48058 0.114392 0.397761 1.62126 0 -0
4.06394 -45.4023 -3.48058 0.114392 0.97419 2.4212 -0.155103 -0
-4.04234 -45.4023 -3.48058 0.000241 0.97419 -2.42654 -0.077551 -0
-4.04234 -0.06921 -3.48058 0.000241 0.397761 -0.810628 0 -0
4.06394 -45.4023 -3.48058 0.114392 0.97419 2.4212 -0.155103 -0
-4.04234 -45.4023 -3.48058 0.000241 0.97419 -2.42654 -0.077551 -0
4.06394 -45.4023 -3.48058 0.114392 0.97419 2.4212 -0.155103 -0
3.99965 -45.8674 -3.48058 0.113487 0.980104 2.33177 -0.533449 -0
-4.04234 -45.4023 -3.48058 0.000241 0.97419 -2.42654 -0.077551 -0
3.99965 -45.8674 -3.48058 0.113487 0.980104 2.33177 -0.533449 -0
3.81655 -46.2945 -3.48058 0.110908 0.985535 2.13118 -0.954265 -0
-4.04234 -45.4023 -3.48058 0.000241 0.97419 -2.42654 -0.077551 -0
3.81655 -46.2945 -3.48058 0.110908 0.985535 2.13118 -0.954265 -0
3.5293 -46.6714 -3.48058 0.106863 0.990327 1.83037 -1.32003 -0
-4.04234 -45.4023 -3.48058 0.000241 0.97419 -2.42654 -0.077551 -0
3.5293 -46.6714 -3.48058 0.106863 0.990327 1.83037 -1.32003 -0
3.15257 -46.9859 -3.48058 0.101558 0.994326 1.44339 -1.62022 -0
-4.04234 -45.4023 -3.48058 0.000241 0.97419 -2.42654 -0.077551 -0
3.15257 -46.9859 -3.48058 0.101558 0.994326 1.44339 -1.62022 -0
2.70101 -47.2256 -3.48058 0.095199 0.997374 0.981282 -1.84501 -0
-4.04234 -45.4023 -3.48058 0.000241 0.97419 -2.42654 -0.077551 -0
2.70101 -47.2256 -3.48058 0.095199 0.997374 0.981282 -1.84501 -0
2.18929 -47.3785 -3.48058 0.087993 0.999318 0.45891 -1.98137 -0
-4.04234 -45.4023 -3.48058 0.000241 0.97419 -2.42654 -0.077551 -0
2.18929 -47.3785 -3.48058 0.087993 0.999318 0.45891 -1.98137 -0
1.63206 -47.4321 -3.48058 0.080146 1 0.092908 -2.02538 -0
-4.04234 -45.4023 -3.48058 0.000241 0.97419 -2.42654 -0.077551 -0
1.63206 -47.4321 -3.48058 0.080146 1 0.092908 -2.02538 -0
-1.61046 -47.4321 -3.48058 0.034486 1 -0.185817 -2.02092 -0
-3.97805 -45.8674 -3.48058 0.001146 0.980104 -2.37382 -0.383047 -0
-4.04234 -45.4023 -3.48058 0.000241 0.97419 -2.42654 -0.077551 -0
-1.61046 -47.4321 -3.48058 0.034486 1 -0.185817 -2.02092 -0
-3.97805 -45.8674 -3.48058 0.001146 0.980104 -2.37382 -0.383047 -0
-1.61046 -47.4321 -3.48058 0.034486 1 -0.185817 -2.02092 -0
-2.16768 -47.3785 -3.48058 0.026639 0.999318 -0.639119 -1.94627 -0
-3.97805 -45.8674 -3.48058 0.001146 0.980104 -2.37382 -0.383047 -0
-2.16768 -47.3785 -3.48058 0.026639 0.999318 -0.639119 -1.94627 -0
-2.67941 -47.2256 -3.48058 0.019433 0.997374 -1.14328 -1.77885 -0
-3.79495 -46.2945 -3.48058 0.003724 0.985535 -2.21045 -0.819053 -0
-3.97805 -45.8674 -3.48058 0.001146 0.980104 -2.37382 -0.383047 -0
-2.67941 -47.2256 -3.48058 0.019433 0.997374 -1.14328 -1.77885 -0
-3.5077 -46.6714 -3.48058 0.007769 0.990327 -1.94114 -1.20477 -0
-3.79495 -46.2945 -3.48058 0.003724 0.985535 -2.21045 -0.819053 -0
-2.67941 -47.2256 -3.48058 0.019433 0.997374 -1.14328 -1.77885 -0
-3.5077 -46.6714 -3.48058 0.007769 0.990327 -1.94114 -1.20477 -0
-2.67941 -47.2256 -3.48058 0.019433 0.997374 -1.14328 -1.77885 -0
-3.13097 -46.9859 -3.48058 0.013074 0.994326 -1.58149 -1.52777 -0
10.5609 0.184961 -2.10011 0.610363 0.021573 0.810628 0 -0
10.5609 0.184961 -2.10011 0.610363 0.021573 0.810628 0 -0
10.5606 37.6624 -2.10011 0.803741 0.021573 0.810628 0 -0
10.5606 37.6624 -2.10011 0.803741 0.021573 0.810628 0 -0
10.5606 37.6624 -2.10011 0.803741 0.021573 0.810628 0 -0
10.5609 0.184961 -2.10011 0.610363 0.021573 0.810628 0 -0
10.5606 37.6624 -2.10011 0.803741 0.021573 0.810628 0 -0
10.5606 37.6624 -2.10011 0.803741 0.021573 0.810628 0 -0
10.1417 43.0973 -2.10011 0.831785 0.021573 0.810628 0 -0
10.1417 43.0973 -2.10011 0.831785 0.021573 0.810628 0 -0
10.1417 43.0973 -2.10011 0.831785 0.021573 0.810628 0 -0
10.5606 37.6624 -2.10011 0.803741 0.021573 0.810628 0 -0
10.1417 43.0973 -2.10011 0.831785 0.021573 0.810628 0 -0
10.1417 43.0973 -2.10011 0.831785 0.021573 0.810628 0 -0
8.95854 47.332 -2.10011 0.853635 0.021573 0.810628 0 -0
8.95854 47.332 -2.10011 0.853635 0.021573 0.810628 0 -0
8.95854 47.332 -2.10011 0.853635 0.021573 0.810628 0 -0
10.1417 43.0973 -2.10011 0.831785 0.021573 0.810628 0 -0
8.95854 47.332 -2.10011 0.853635 0.021573 0.810628 0 -0
8.95854 47.332 -2.10011 0.853635 0.021573 0.810628 0 -0
7.12656 50.5404 -2.10011 0.870191 0.021573 0.810628 0 -0
7.12656 50.5404 -2.10011 0.870191 0.021573 0.810628 0 -0
7.12656 50.5404 -2.10011 0.870191 0.021573 0.810628 0 -0
8.95854 47.332 -2.10011 0.853635 0.021573 0.810628 0 -0
7.12656 50.5404 -2.10011 0.870191 0.021573 0.810628 0 -0
7.12656 50.5404 -2.10011 0.870191 0.021573 0.810628 0 -0
4.77954 52.9032 -2.10011 0.882382 0.021573 0.810628 0 -0
4.77954 52.9032 -2.10011 0.882382 0.021573 0.810628 0 -0
4.77954 52.9032 -2.10011 0.882382 0.021573 0.810628 0 -0
7.12656 50.5404 -2.10011 0.870191 0.021573 0.810628 0 -0
4.77954 52.9032 -2.10011 0.882382 0.021573 0.810628 0 -0
4.77954 52.9032 -2.10011 0.882382 0.021573 0.810628 0 -0
2.06734 54.6144 -2.10011 0.891212 0.021573 0.810628 0 -0
2.06734 54.6144 -2.10011 0.891212 0.021573 0.810628 0 -0
2.06734 54.6144 -2.10011 0.891212 0.021573 0.810628 0 -0
4.77954 52.9032 -2.10011 0.882382 0.021573 0.810628 0 -0
2.06734 54.6144 -2.10011 0.891212 0.021573 0.810628 0 -0
2.06734 54.6144 -2.10011 0.891212 0.021573 0.810628 0 -0
-0.866371 55.8868 -2.10011 0.897777 0.021573 0.810628 0 -0
-0.866371 55.8868 -2.10011 0.897777 0.021573 0.810628 0 -0
-0.866371 55.8868 -2.10011 0.897777 0.021573 0.810628 0 -0
2.06734 54.6144 -2.10011 0.891212 0.021573 0.810628 0 -0
-0.866371 55.8868 -2.10011 0.897777 0.021573 0.810628 0 -0
-0.866371 55.8868 -2.10011 0.897777 0.021573 0.810628 0 -0
-3.66881 56.8597 -2.10011 0.902797 0.021573 0.810628 0 -0
-3.66881 56.8597 -2.10011 0.902797 0.021573 0.810628 0 -0
-3.66881 56.8597 -2.10011 0.902797 0.021573 0.810628 0 -0
-0.866371 55.8868 -2.10011 0.897777 0.021573 0.810628 0 -0
-4.04586 56.4918 -1.86452 0.679068 0.043964 -1.62126 0 -0
-4.04586 56.4918 -2.33571 0.679068 0.041064 -0.810628 0 -0
-4.04586 -0.050634 -2.33571 0.970819 0.041064 -1.62126 0 -0
-4.04586 -0.050634 -2.33571 0.970819 0.041064 -1.62126 0 -0
-4.04586 -0.050634 -1.86452 0.970819 0.043964 -0.810628 0 -0
-4.04586 56.4918 -1.86452 0.679068 0.043964 -1.62126 0 -0
-4.04586 -0.050634 -1.86452 0.610363 0.043964 -0.810628 0 -0
-4.04586 -0.050634 -2.33571 0.610363 0.041064 -1.62126 0 -0
10.0898 -0.050634 -2.33571 0.671243 0.041064 0 -1.35323 -0
10.0898 -0.050634 -2.33571 0.671243 0.041064 0 -1.35323 -0
10.0898 -0.050634 -1.86452 0.671243 0.043964 0 -0.676613 -0
-4.04586 -0.050634 -1.86452 0.610363 0.043964 -0.810628 0 -0
-4.04586 -0.050634 -1.86452 0.227609 0.965226 -0.810628 0 -0
10.0898 -0.050634 -1.86452 0.525814 0.965226 0 -0.676613 -0
10.0898 37.6443 -1.86452 0.525814 0.342817 0 0 0.567411
-4.04586 -0.050634 -1.86452 0.227609 0.965226 -0.810628 0 -0
10.0898 37.6443 -1.86452 0.525814 0.342817 0 0 0.567411
9.67763 43.0156 -1.86452 0.51712 0.254128 0 0 0.567411
-4.04586 -0.050634 -1.86452 0.227609 0.965226 -0.810628 0 -0
9.67763 43.0156 -1.86452 0.51712 0.254128 0 0 0.567411
8.52371 47.1505 -1.86452 0.492777 0.185854 0 0 0.567411
-4.04586 -0.050634 -1.86452 0.227609 0.965226 -0.810628 0 -0
8.52371 47.1505 -1.86452 0.492777 0.185854 0 0 0.567411
6.7516 50.2551 -1.86452 0.455392 0.134591 0 0 0.567411
-4.04586 -0.050634 -1.86452 0.227609 0.965226 -0.810628 0 -0
6.7516 50.2551 -1.86452 0.455392 0.134591 0 0 0.567411
4.48496 52.5355 -1.86452 0.407575 0.096938 0 0 0.567411
-4.04586 -0.050634 -1.86452 0.227609 0.965226 -0.810628 0 -0
4.48496 52.5355 -1.86452 0.407575 0.096938 0 0 0.567411
1.84741 54.1977 -1.86452 0.351934 0.069492 0 0 0.567411
-4.04586 -0.050634 -1.86452 0.227609 0.965226 -0.810628 0 -0
1.84741 54.1977 -1.86452 0.351934 0.069492 0 0 0.567411
-1.0374 55.4478 -1.86452 0.291075 0.048851 0 0 0.567411
-4.04586 56.4918 -1.86452 0.227609 0.031612 -1.62126 0 -0
-4.04586 -0.050634 -1.86452 0.227609 0.965226 -0.810628 0 -0
-1.0374 55.4478 -1.86452 0.291075 0.048851 0 0 0.567411
-4.04586 -0.050634 -2.33571 0.227609 0.965226 -1.62126 0 -0
-4.04586 56.4918 -2.33571 0.227609 0.031612 -0.810628 0 -0
-1.0374 55.4478 -2.33571 0.291075 0.048851 0 0 -0.567411
10.0898 37.6443 -2.33571 0.525814 0.342817 0 0 -0.567411
10.0898 -0.050634 -2.33571 0.525814 0.965226 0 -1.35323 -0
-4.04586 -0.050634 -2.33571 0.227609 0.965226 -1.62126 0 -0
9.67763 43.0156 -2.33571 0.51712 0.254128 0 0 -0.567411
10.0898 37.6443 -2.33571 0.525814 0.342817 0 0 -0.567411
-4.04586 -0.050634 -2.33571 0.227609 0.965226 -1.62126 0 -0
8.52371 47.1505 -2.33571 0.492777 0.185854 0 0 -0.567411
9.67763 43.0156 -2.33571 0.51712 0.254128 0 0 -0.567411
-4.04586 -0.050634 -2.33571 0.227609 0.965226 -1.62126 0 -0
6.7516 50.2551 -2.33571 0.455392 0.134591 0 0 -0.567411
8.52371 47.1505 -2.33571 0.492777 0.185854 0 0 -0.567411
-4.04586 -0.050634 -2.33571 0.227609 0.965226 -1.62126 0 -0
4.48496 52.5355 -2.33571 0.407575 0.096938 0 0 -0.567411
6.7516 50.2551 -2.33571 0.455392 0.134591 0 0 -0.567411
-4.04586 -0.050634 -2.33571 0.227609 0.965226 -1.62126 0 -0
1.84741 54.1977 -2.33571 0.351934 0.069492 0 0 -0.567411
4.48496 52.5355 -2.33571 0.407575 0.096938 0 0 -0.567411
-4.04586 -0.050634 -2.33571 0.227609 0.965226 -1.62126 0 -0
1.84741 54.1977 -2.33571 0.351934 0.069492 0 0 -0.567411
-4.04586 -0.050634 -2.33571 0.227609 0.965226 -1.62126 0 -0
-1.0374 55.4478 -2.33571 0.291075 0.048851 0 0 -0.567411
10.5606 37.6624 -2.10011 0.804957 0.05176 0.810628 0 -0
10.0898 37.6443 -1.86452 0.804864 0.053788 0 0 0.567411
10.0898 -0.050634 -1.86452 0.610363 0.053788 0 -0.676613 -0
10.0898 -0.050634 -1.86452 0.610363 0.053788 0 -0.676613 -0
10.5609 0.184961 -2.10011 0.611579 0.051759 0.810628 0 -0
10.5606 37.6624 -2.10011 0.804957 0.05176 0.810628 0 -0
10.1417 43.0973 -2.10011 0.833001 0.053565 0.810628 0 -0
9.67763 43.0156 -1.86452 0.832579 0.055563 0 0 0.567411
10.0898 37.6443 -1.86452 0.804864 0.053788 0 0 0.567411
10.0898 37.6443 -1.86452 0.804864 0.053788 0 0 0.567411
10.5606 37.6624 -2.10011 0.804957 0.05176 0.810628 0 -0
10.1417 43.0973 -2.10011 0.833001 0.053565 0.810628 0 -0
8.95854 47.332 -2.10011 0.854851 0.05866 0.810628 0 -0
8.52371 47.1505 -1.86452 0.853914 0.060533 0 0 0.567411
9.67763 43.0156 -1.86452 0.832579 0.055563 0 0 0.567411
9.67763 43.0156 -1.86452 0.832579 0.055563 0 0 0.567411
10.1417 43.0973 -2.10011 0.833001 0.053565 0.810628 0 -0
8.95854 47.332 -2.10011 0.854851 0.05866 0.810628 0 -0
7.12656 50.5404 -2.10011 0.871406 0.06655 0.810628 0 -0
6.7516 50.2551 -1.86452 0.869934 0.068165 0 0 0.567411
8.52371 47.1505 -1.86452 0.853914 0.060533 0 0 0.567411
8.52371 47.1505 -1.86452 0.853914 0.060533 0 0 0.567411
8.95854 47.332 -2.10011 0.854851 0.05866 0.810628 0 -0
7.12656 50.5404 -2.10011 0.871406 0.06655 0.810628 0 -0
4.77954 52.9032 -2.10011 0.883598 0.076658 0.810628 0 -0
4.48496 52.5355 -1.86452 0.8817 0.077927 0 0 0.567411
6.7516 50.2551 -1.86452 0.869934 0.068165 0 0 0.567411
6.7516 50.2551 -1.86452 0.869934 0.068165 0 0 0.567411
7.12656 50.5404 -2.10011 0.871406 0.06655 0.810628 0 -0
4.77954 52.9032 -2.10011 0.883598 0.076658 0.810628 0 -0
2.06734 54.6144 -2.10011 0.892427 0.088339 0.810628 0 -0
1.84741 54.1977 -1.86452 0.890277 0.089287 0 0 0.567411
4.48496 52.5355 -1.86452 0.8817 0.077927 0 0 0.567411
4.48496 52.5355 -1.86452 0.8817 0.077927 0 0 0.567411
4.77954 52.9032 -2.10011 0.883598 0.076658 0.810628 0 -0
2.06734 54.6144 -2.10011 0.892427 0.088339 0.810628 0 -0
-0.866371 55.8868 -2.10011 0.898993 0.100974 0.810628 0 -0
-1.0374 55.4478 -1.86452 0.896727 0.101711 0 0 0.567411
1.84741 54.1977 -1.86452 0.890277 0.089287 0 0 0.567411
1.84741 54.1977 -1.86452 0.890277 0.089287 0 0 0.567411
2.06734 54.6144 -2.10011 0.892427 0.088339 0.810628 0 -0
-0.866371 55.8868 -2.10011 0.898993 0.100974 0.810628 0 -0
-3.66881 56.8597 -2.10011 0.904013 0.113044 0.810628 0 -0
-4.04586 56.4918 -1.86452 0.902114 0.114668 -1.62126 0 -0
-1.0374 55.4478 -1.86452 0.896727 0.101711 0 0 0.567411
-1.0374 55.4478 -1.86452 0.896727 0.101711 0 0 0.567411
-0.866371 55.8868 -2.10011 0.898993 0.100974 0.810628 0 -0
-3.66881 56.8597 -2.10011 0.904013 0.113044 0.810628 0 -0
-3.66881 56.8597 -2.10011 0.67717 0.042514 0.810628 0 -0
-4.04586 56.4918 -2.33571 0.679068 0.041064 -0.810628 0 -0
-4.04586 56.4918 -1.86452 0.679068 0.043964 -1.62126 0 -0
-4.04586 56.4918 -1.86452 0.902114 0.114668 -1.62126 0 -0
-3.66881 56.8597 -2.10011 0.904013 0.113044 0.810628 0 -0
-3.66881 56.8597 -2.10011 0.904013 0.113044 0.810628 0 -0
-0.866371 55.8868 -2.10011 0.615383 0.171679 0.810628 0 -0
-1.0374 55.4478 -2.33571 0.617648 0.172415 0 0 -0.567411
-4.04586 56.4918 -2.33571 0.612261 0.185372 -0.810628 0 -0
-4.04586 56.4918 -2.33571 0.612261 0.185372 -0.810628 0 -0
-3.66881 56.8597 -2.10011 0.610363 0.183748 0.810628 0 -0
-0.866371 55.8868 -2.10011 0.615383 0.171679 0.810628 0 -0
2.06734 54.6144 -2.10011 0.621948 0.159044 0.810628 0 -0
1.84741 54.1977 -2.33571 0.624099 0.159991 0 0 -0.567411
-1.0374 55.4478 -2.33571 0.617648 0.172415 0 0 -0.567411
-1.0374 55.4478 -2.33571 0.617648 0.172415 0 0 -0.567411
-0.866371 55.8868 -2.10011 0.615383 0.171679 0.810628 0 -0
2.06734 54.6144 -2.10011 0.621948 0.159044 0.810628 0 -0
4.77954 52.9032 -2.10011 0.630778 0.147363 0.810628 0 -0
4.48496 52.5355 -2.33571 0.632675 0.148631 0 0 -0.567411
1.84741 54.1977 -2.33571 0.624099 0.159991 0 0 -0.567411
1.84741 54.1977 -2.33571 0.624099 0.159991 0 0 -0.567411
2.06734 54.6144 -2.10011 0.621948 0.159044 0.810628 0 -0
4.77954 52.9032 -2.10011 0.630778 0.147363 0.810628 0 -0
7.12656 50.5404 -2.10011 0.642969 0.137255 0.810628 0 -0
6.7516 50.2551 -2.33571 0.644442 0.138869 0 0 -0.567411
4.48496 52.5355 -2.33571 0.632675 0.148631 0 0 -0.567411
4.48496 52.5355 -2.33571 0.632675 0.148631 0 0 -0.567411
4.77954 52.9032 -2.10011 0.630778 0.147363 0.810628 0 -0
7.12656 50.5404 -2.10011 0.642969 0.137255 0.810628 0 -0
8.95854 47.332 -2.10011 0.659525 0.129365 0.810628 0 -0
8.52371 47.1505 -2.33571 0.660461 0.131237 0 0 -0.567411
6.7516 50.2551 -2.33571 0.644442 0.138869 0 0 -0.567411
6.7516 50.2551 -2.33571 0.644442 0.138869 0 0 -0.567411
7.12656 50.5404 -2.10011 0.642969 0.137255 0.810628 0 -0
8.95854 47.332 -2.10011 0.659525 0.129365 0.810628 0 -0
10.1417 43.0973 -2.10011 0.681375 0.124269 0.810628 0 -0
9.67763 43.0156 -2.33571 0.681797 0.126267 0 0 -0.567411
8.52371 47.1505 -2.33571 0.660461 0.131237 0 0 -0.567411
8.52371 47.1505 -2.33571 0.660461 0.131237 0 0 -0.567411
8.95854 47.332 -2.10011 0.659525 0.129365 0.810628 0 -0
10.1417 43.0973 -2.10011 0.681375 0.124269 0.810628 0 -0
10.5606 37.6624 -2.10011 0.709419 0.122465 0.810628 0 -0
10.0898 37.6443 -2.33571 0.709512 0.124493 0 0 -0.567411
9.67763 43.0156 -2.33571 0.681797 0.126267 0 0 -0.567411
9.67763 43.0156 -2.33571 0.681797 0.126267 0 0 -0.567411
10.1417 43.0973 -2.10011 0.681375 0.124269 0.810628 0 -0
10.5606 37.6624 -2.10011 0.709419 0.122465 0.810628 0 -0
10.5609 0.184961 -2.10011 0.902797 0.122463 0.810628 0 -0
10.0898 -0.050634 -2.33571 0.904013 0.124493 0 -1.35323 -0
10.0898 37.6443 -2.33571 0.709512 0.124493 0 0 -0.567411
10.0898 37.6443 -2.33571 0.709512 0.124493 0 0 -0.567411
10.5606 37.6624 -2.10011 0.709419 0.122465 0.810628 0 -0
10.5609 0.184961 -2.10011 0.902797 0.122463 0.810628 0 -0
10.5609 0.184961 -2.10011 0.673272 0.042514 0.810628 0 -0
10.0898 -0.050634 -1.86452 0.671243 0.043964 0 -0.676613 -0
10.0898 -0.050634 -2.33571 0.671243 0.041064 0 -1.35323 -0
10.0898 -0.050634 -2.33571 0.671243 0.041064 0 -1.35323 -0
10.5609 0.184961 -2.10011 0.673272 0.042514 0.810628 0 -0
10.5609 0.184961 -2.10011 0.673272 0.042514 0.810628 0 -0
